-0.030382
-0.038709
0.016244
-0.038086
-0.033408
-0.026613
0.011909
0.025462
0.060260
0.069883
-0.017221
0.024698
0.003540
-0.035336
0.034908
0.000756
0.020768
0.018855
-0.027526
0.004095
0.015557
0.017439
-0.024550
-0.047266
-0.039292
-0.019578
0.021235
0.050290
-0.022480
0.012608
-0.030869
-0.063353
-0.049238
-0.065731
-0.000314
-0.056369
0.093029
-0.047995
0.077196
0.019343
0.077491
-0.028012
-0.064926
0.013321
-0.008611
0.029043
0.087116
0.127861
0.098223
0.018887
-0.039845
0.003032
-0.003073
0.040507
0.129348
-0.063043
-0.024080
0.044751
0.102212
0.000932
-0.032615
0.028060
-0.026119
-0.005415
-0.000482
0.055552
-0.008857
0.033852
0.032432
-0.051355
0.083041
0.019111
-0.010626
0.019161
-0.001738
0.008881
0.104347
-0.008592
-0.017242
-0.014827
0.032939
-0.017614
0.067172
0.003048
0.016852
0.015875
-0.034614
-0.012782
-0.032113
-0.015249
-0.042712
-0.054111
-0.047907
-0.042605
-0.009275
-0.057565
0.067780
-0.042008
0.047530
-0.046380
-0.049432
0.056630
-0.019217
-0.023936
0.045237
-0.041753
0.039999
0.029719
-0.044244
0.022825
-0.032025
-0.033754
-0.024340
-0.027746
0.021996
0.006216
-0.008767
-0.001479
-0.022953
0.078708
