0.101852
0.073274
0.036199
0.076171
0.046133
0.014071
0.131266
0.105179
0.116654
-0.026866
0.025304
0.015460
-0.060039
0.135195
-0.005560
0.030652
0.058019
0.014788
0.081567
-0.037883
-0.041210
0.099718
0.136010
-0.030761
0.031843
-0.067232
0.130366
-0.011040
0.072607
-0.087237
0.014023
-0.041530
0.063448
-0.006718
0.053132
0.008259
0.007578
-0.030281
-0.015029
0.028237
-0.039339
0.113842
0.085333
-0.080697
-0.030844
0.078063
0.245609
0.008203
0.020813
0.074901
-0.037585
-0.084164
0.070324
-0.092981
-0.028270
-0.006592
-0.003994
0.090693
-0.022249
0.067530
0.198914
-0.069520
-0.038543
-0.017610
-0.093405
0.105858
0.003325
0.005083
0.027846
-0.084952
0.185901
-0.019960
-0.003344
-0.045446
0.022140
-0.084277
-0.079071
-0.037923
-0.029033
-0.071810
-0.069292
-0.022485
0.064987
0.189540
